20,62
20,0
20,34
20,61
20,58
20,60
20,59
20,50
4294967279,234
20,57
20,28
20,56
20,55
20,54
20,53
20,52
20,24
4294967278,232
20,51
20,44
20,49
20,48
20,41
20,47
20,46
20,45
20,43
20,42
4294967278,230
20,39
20,40
20,33
20,38
20,37
20,22
20,36
20,35
20,27
4294967278,174
20,32
20,31
20,30
4294967279,174
20,29
20,23
20,26
20,25
20,20
20,19
20,21
20,14
20,12
20,15
20,13
20,18
20,17
20,16
20,7
20,5
20,11
20,10
20,9
20,8
4294967279,224
18,18
18,0
4294967279,222
18,17
18,12
18,16
18,15
18,14
18,13
18,11
18,7
18,5
18,10
18,9
18,8
16,8
16,0
16,7
4294967279,276
23,45
23,44
23,36
23,43
23,42
23,27
23,41
4294967278,213
23,40
23,39
23,24
23,38
23,37
23,17
23,18
23,35
23,34
23,33
23,32
4294967279,214
23,31
23,30
23,29
23,28
23,21
23,26
23,25
23,16
23,23
23,22
23,20
23,8
23,19
23,15
23,6
23,5
23,14
4294967279,260
23,13
23,12
23,11
23,10
23,9
13,7
13,0
4294967279,548
4294967278,209
4294967278,208
4294967294,1423
4294967278,203
4294967279,547
4294967278,355
4294967278,354
4294967278,353
4294967294,81
4294967294,50
4294967278,352
4294967279,546
4294967278,351
4294967279,200
4294967279,545
4294967278,350
4294967279,199
4294967279,198
4294967278,196
4294967279,544
4294967294,186
4294967278,193
4294967278,192
23,7
23,4
23,3
23,2
23,1
4294967278,349
4294967294,425
4294967294,25
4294967294,28
4294967294,27
4294967294,2
4294967279,189
4294967279,543
4294967279,542
4294967279,541
4294967279,0
4294967294,8
22,7
4294967294,26
4294967294,82
4294967293,131
4294967293,130
4294967293,129
4294967293,128
4294967293,127
4294967293,126
4294967293,125
4294967293,124
4294967293,123
4294967293,122
4294967293,121
4294967293,120
4294967293,119
4294967293,118
4294967293,117
4294967293,116
4294967293,115
4294967293,114
4294967293,113
4294967293,112
4294967293,111
4294967293,110
4294967293,109
4294967293,108
4294967293,107
4294967293,106
4294967293,105
4294967293,104
4294967293,103
4294967293,102
4294967293,101
4294967293,100
4294967293,99
4294967293,98
4294967293,97
4294967293,96
4294967293,95
4294967293,94
4294967293,93
4294967293,92
4294967293,91
4294967293,90
4294967293,89
4294967293,87
4294967293,86
4294967293,85
4294967293,84
4294967293,83
4294967293,82
4294967293,81
4294967293,80
4294967293,79
4294967293,78
4294967293,77
4294967293,76
4294967293,75
4294967293,74
4294967293,73
4294967293,72
4294967293,71
4294967293,70
4294967293,69
4294967293,68
4294967293,67
4294967293,66
4294967293,65
4294967293,64
4294967293,63
4294967293,62
4294967293,61
4294967293,60
4294967293,59
4294967293,58
4294967293,57
4294967293,56
4294967293,55
4294967293,54
4294967293,53
4294967293,52
4294967293,51
4294967293,50
4294967293,49
4294967293,48
4294967293,47
4294967293,46
4294967293,45
4294967293,44
4294967293,43
4294967293,42
4294967293,41
4294967293,40
4294967293,39
4294967293,38
4294967293,37
4294967293,36
4294967293,35
4294967293,34
4294967293,33
4294967293,32
4294967293,31
4294967293,30
4294967293,29
4294967293,28
4294967293,27
4294967293,26
4294967293,25
4294967293,24
4294967293,23
4294967293,22
4294967293,21
4294967293,20
4294967293,19
4294967293,18
4294967293,17
4294967293,16
4294967293,15
4294967293,14
4294967293,13
4294967293,12
4294967293,11
4294967293,10
4294967293,9
4294967293,8
4294967293,7
4294967293,6
4294967293,5
4294967293,4
4294967293,3
4294967278,132
4294967278,131
4294967278,122
4294967278,120
4294967278,119
4294967278,118
4294967278,116
4294967278,109
4294967278,107
4294967278,105
4294967278,104
4294967278,103
4294967278,101
4294967278,94
4294967278,92
4294967278,90
4294967278,89
4294967278,87
4294967278,85
4294967278,78
4294967278,76
4294967278,74
4294967278,73
4294967278,72
4294967278,63
4294967278,58
4294967278,57
4294967278,54
4294967278,52
4294967278,50
4294967278,49
4294967278,48
4294967278,47
4294967278,46
4294967278,43
4294967278,42
4294967278,39
4294967278,37
4294967278,35
4294967278,34
4294967278,33
4294967278,32
4294967278,29
4294967278,28
4294967278,25
4294967278,23
4294967278,21
4294967278,286
4294967278,19
4294967278,17
4294967278,285
4294967278,284
4294967278,282
4294967278,10
4294967278,8
4294967278,6
4294967278,5
4294967278,280
4294967278,4
4294967279,128
4294967279,312
4294967279,123
4294967279,311
4294967279,121
4294967279,120
4294967279,119
4294967279,118
4294967279,117
4294967279,310
4294967279,114
4294967279,113
4294967279,110
4294967279,108
4294967279,106
4294967279,105
4294967279,104
4294967279,103
4294967279,102
4294967279,309
4294967279,308
4294967279,99
4294967279,98
4294967279,307
4294967279,306
4294967279,95
4294967279,305
4294967279,93
4294967279,304
4294967279,91
4294967279,90
4294967279,89
4294967279,87
4294967279,86
4294967279,303
4294967279,302
4294967279,83
4294967279,82
4294967279,301
4294967279,300
4294967279,79
4294967279,299
4294967279,77
4294967279,298
4294967279,75
4294967279,74
4294967279,73
4294967279,296
4294967279,69
4294967279,67
4294967279,64
4294967279,293
4294967279,63
4294967279,62
4294967279,292
4294967279,61
4294967279,54
4294967279,52
4294967279,290
4294967279,50
4294967279,49
4294967279,48
4294967279,46
4294967279,287
4294967279,39
4294967279,286
4294967279,37
4294967279,285
4294967279,35
4294967279,34
4294967279,33
4294967279,284
4294967279,32
4294967279,31
4294967279,270
4294967279,25
4294967279,23
4294967279,21
4294967279,19
4294967279,18
4294967279,283
4294967279,282
4294967279,14
4294967279,281
4294967279,11
4294967279,280
4294967279,7
4294967279,6
4294967279,278
4294967279,5
4294967279,277
4294967279,540
4294967279,539
4294967279,72
4294967279,538
4294967279,71
4294967278,183
4294967278,348
4294967278,70
4294967279,70
4294967279,297
4294967279,183
4294967278,181
4294967279,182
4294967279,537
4294967279,68
4294967279,181
4294967279,66
4294967279,295
4294967279,291
4294967279,65
4294967279,294
